ZIP_CODE,Positive,Negative,Probable,date
15521,200,450,129,2022-01-01
15522,1505,3407,647,2022-01-01
15530,760,1932,268,2022-01-01
15531,453,1239,220,2022-01-01
15533,134,343,87,2022-01-01
15534,80,163,63,2022-01-01
15535,206,423,108,2022-01-01
15536,34,136,28,2022-01-01
15537,983,2034,439,2022-01-01
15538,75,188,30,2022-01-01
15539,82,161,46,2022-01-01
15541,437,1123,161,2022-01-01
15542,156,360,44,2022-01-01
15545,322,571,141,2022-01-01
15546,47,121,18,2022-01-01
15550,194,415,99,2022-01-01
15552,897,2078,233,2022-01-01
15554,251,595,199,2022-01-01
15555,8,37,8,2022-01-01
15558,221,534,49,2022-01-01
15559,207,468,140,2022-01-01
15562,27,72,-1,2022-01-01
15563,322,958,174,2022-01-01
15564,15,20,8,2022-01-01
15705,57,253,90,2022-01-01
15711,51,98,18,2022-01-01
15714,760,2045,332,2022-01-01
15716,71,191,30,2022-01-01
15720,20,40,-1,2022-01-01
15721,19,51,5,2022-01-01
15722,279,637,146,2022-01-01
15724,274,674,113,2022-01-01
15728,336,985,195,2022-01-01
15729,129,401,57,2022-01-01
15730,10,24,5,2022-01-01
15739,49,151,22,2022-01-01
15742,130,265,46,2022-01-01
15744,8,25,8,2022-01-01
15750,28,61,12,2022-01-01
15753,44,97,20,2022-01-01
15757,166,382,82,2022-01-01
15758,5,7,0,2022-01-01
15759,266,650,99,2022-01-01
15760,21,42,-1,2022-01-01
15762,97,274,53,2022-01-01
15763,0,7,-1,2022-01-01
15764,5,17,-1,2022-01-01
15765,155,468,63,2022-01-01
15767,1451,3574,579,2022-01-01
15770,19,42,7,2022-01-01
15771,101,211,30,2022-01-01
15772,148,443,58,2022-01-01
15773,73,161,29,2022-01-01
15775,-1,0,0,2022-01-01
15776,6,12,5,2022-01-01
15777,19,49,11,2022-01-01
15778,16,40,13,2022-01-01
15780,25,38,-1,2022-01-01
15784,18,39,5,2022-01-01
15801,1796,5922,1438,2022-01-01
15821,16,31,-1,2022-01-01
15823,91,336,75,2022-01-01
15824,395,1245,366,2022-01-01
15825,1196,2785,512,2022-01-01
15827,32,69,21,2022-01-01
15828,28,66,-1,2022-01-01
15829,145,325,59,2022-01-01
15832,17,73,8,2022-01-01
15834,381,1287,187,2022-01-01
15840,126,469,118,2022-01-01
15845,275,757,189,2022-01-01
15846,251,807,238,2022-01-01
15848,78,216,69,2022-01-01
15849,117,343,78,2022-01-01
15851,537,1479,388,2022-01-01
15853,623,1870,398,2022-01-01
15856,66,191,40,2022-01-01
15857,1189,3351,1147,2022-01-01
15860,134,291,38,2022-01-01
15861,14,24,-1,2022-01-01
15864,219,485,87,2022-01-01
15865,96,301,85,2022-01-01
15866,9,42,16,2022-01-01
15868,150,369,130,2022-01-01
15870,88,261,86,2022-01-01
15901,462,1737,141,2022-01-01
15902,1308,4807,563,2022-01-01
15904,1866,6220,993,2022-01-01
15905,2305,8721,1185,2022-01-01
15906,1213,4330,606,2022-01-01
15909,661,2048,295,2022-01-01
15920,116,364,48,2022-01-01
15924,112,339,68,2022-01-01
15926,298,859,161,2022-01-01
15927,143,444,77,2022-01-01
15928,219,764,166,2022-01-01
15931,1285,4285,562,2022-01-01
15934,30,93,38,2022-01-01
15935,307,946,193,2022-01-01
15936,181,511,116,2022-01-01
15938,342,973,160,2022-01-01
15940,496,1121,580,2022-01-01
15942,192,768,151,2022-01-01
15943,460,1477,282,2022-01-01
15944,340,1115,175,2022-01-01
15945,30,87,17,2022-01-01
15946,805,2533,473,2022-01-01
15949,113,234,46,2022-01-01
15951,83,263,49,2022-01-01
15952,145,495,107,2022-01-01
15953,8,21,5,2022-01-01
15954,274,772,88,2022-01-01
15955,224,715,156,2022-01-01
15956,341,1076,208,2022-01-01
15957,36,152,38,2022-01-01
15958,225,700,167,2022-01-01
15960,39,160,34,2022-01-01
15961,116,319,68,2022-01-01
15963,1079,3822,884,2022-01-01
16020,149,317,42,2022-01-01
16022,63,133,26,2022-01-01
16025,789,1526,288,2022-01-01
16028,244,565,49,2022-01-01
16030,39,79,13,2022-01-01
16036,17,34,8,2022-01-01
16038,460,903,89,2022-01-01
16040,94,241,46,2022-01-01
16041,221,553,83,2022-01-01
16049,394,785,112,2022-01-01
16050,195,423,76,2022-01-01
16051,302,900,146,2022-01-01
16057,1441,4228,448,2022-01-01
16061,307,665,106,2022-01-01
16101,4042,11212,1895,2022-01-01
16102,628,1714,284,2022-01-01
16105,1631,5391,836,2022-01-01
16110,47,105,21,2022-01-01
16111,113,220,39,2022-01-01
16112,164,431,91,2022-01-01
16114,48,180,20,2022-01-01
16116,294,798,152,2022-01-01
16121,590,1647,136,2022-01-01
16124,156,526,59,2022-01-01
16125,2082,6366,590,2022-01-01
16127,2002,4916,532,2022-01-01
16130,218,505,58,2022-01-01
16131,98,250,27,2022-01-01
16133,142,377,38,2022-01-01
16134,368,1219,126,2022-01-01
16137,1593,5118,425,2022-01-01
16142,523,1601,227,2022-01-01
16143,284,764,142,2022-01-01
16145,330,718,97,2022-01-01
16146,1717,5218,472,2022-01-01
16148,2217,6203,814,2022-01-01
16150,848,2555,317,2022-01-01
16153,293,699,83,2022-01-01
16154,252,799,87,2022-01-01
16156,291,751,144,2022-01-01
16159,538,1342,199,2022-01-01
16172,59,212,67,2022-01-01
16213,18,34,5,2022-01-01
16214,1031,2695,285,2022-01-01
16217,7,43,-1,2022-01-01
16218,169,340,36,2022-01-01
16224,165,307,38,2022-01-01
16225,-1,19,-1,2022-01-01
16232,495,988,148,2022-01-01
16233,133,236,53,2022-01-01
16234,10,16,-1,2022-01-01
16235,157,329,69,2022-01-01
16239,1411,2623,57,2022-01-01
16240,158,343,63,2022-01-01
16242,652,1204,144,2022-01-01
16248,408,851,105,2022-01-01
16253,17,47,-1,2022-01-01
16254,459,1007,198,2022-01-01
16255,380,509,79,2022-01-01
16258,237,480,77,2022-01-01
16260,32,47,5,2022-01-01
16301,2074,4409,497,2022-01-01
16311,38,109,13,2022-01-01
16313,200,482,55,2022-01-01
16314,720,1615,285,2022-01-01
16316,653,1870,251,2022-01-01
16317,229,385,50,2022-01-01
16319,164,310,49,2022-01-01
16321,24,29,-1,2022-01-01
16323,2205,4516,577,2022-01-01
16326,51,105,15,2022-01-01
16327,357,798,94,2022-01-01
16329,41,116,11,2022-01-01
16331,11,17,6,2022-01-01
16332,6,37,-1,2022-01-01
16333,26,65,5,2022-01-01
16334,60,98,16,2022-01-01
16335,3685,11748,1094,2022-01-01
16340,210,448,50,2022-01-01
16341,330,606,29,2022-01-01
16342,429,775,64,2022-01-01
16345,304,890,106,2022-01-01
16346,381,793,81,2022-01-01
16347,263,502,48,2022-01-01
16350,243,533,57,2022-01-01
16351,188,503,35,2022-01-01
16353,324,726,39,2022-01-01
16354,1744,3607,132,2022-01-01
16360,161,427,37,2022-01-01
16362,133,273,43,2022-01-01
16364,118,257,39,2022-01-01
16365,2139,5713,511,2022-01-01
16371,397,1069,204,2022-01-01
16372,53,130,18,2022-01-01
16373,437,818,108,2022-01-01
16374,185,396,38,2022-01-01
16401,517,1178,72,2022-01-01
16402,67,165,11,2022-01-01
16403,1480,2843,189,2022-01-01
16404,394,796,40,2022-01-01
16405,71,182,11,2022-01-01
16406,488,1438,222,2022-01-01
16407,1446,3142,212,2022-01-01
16410,247,500,44,2022-01-01
16411,192,400,19,2022-01-01
16412,1347,3565,223,2022-01-01
16415,1169,3820,166,2022-01-01
16417,1260,2729,181,2022-01-01
16420,80,201,11,2022-01-01
16421,375,744,37,2022-01-01
16423,545,1396,62,2022-01-01
16424,548,1334,161,2022-01-01
16426,560,1288,62,2022-01-01
16428,1746,4005,154,2022-01-01
16430,6,33,-1,2022-01-01
16433,761,1921,249,2022-01-01
16434,238,494,31,2022-01-01
16435,215,534,66,2022-01-01
16436,89,165,15,2022-01-01
16438,920,2154,136,2022-01-01
16440,99,273,29,2022-01-01
16441,1417,3232,232,2022-01-01
16442,354,803,56,2022-01-01
16443,196,393,19,2022-01-01
16444,45,368,29,2022-01-01
16501,232,870,10,2022-01-01
16502,2245,5947,247,2022-01-01
16503,2074,5451,257,2022-01-01
16504,2236,5805,271,2022-01-01
16505,1996,6656,225,2022-01-01
16506,3141,9739,387,2022-01-01
16507,1259,3339,114,2022-01-01
16508,2053,6106,309,2022-01-01
16509,3624,11619,673,2022-01-01
16510,3335,8983,407,2022-01-01
16511,1625,4448,181,2022-01-01
16565,0,33,0,2022-01-01
16601,4629,11529,1226,2022-01-01
16602,3905,9980,1081,2022-01-01
16611,317,778,73,2022-01-01
16613,196,481,55,2022-01-01
16616,17,41,7,2022-01-01
16617,416,926,81,2022-01-01
16620,52,135,17,2022-01-01
16621,111,215,29,2022-01-01
16622,41,66,8,2022-01-01
16623,59,167,26,2022-01-01
16625,447,1019,211,2022-01-01
16627,218,556,94,2022-01-01
16630,531,1530,236,2022-01-01
16634,45,100,11,2022-01-01
16635,1557,4765,442,2022-01-01
16636,112,226,31,2022-01-01
16637,318,748,121,2022-01-01
16639,122,270,41,2022-01-01
16640,105,352,60,2022-01-01
16641,325,827,134,2022-01-01
16645,15,46,-1,2022-01-01
16646,357,880,113,2022-01-01
16647,95,268,27,2022-01-01
16648,2416,6114,688,2022-01-01
16650,196,465,71,2022-01-01
16651,425,1092,119,2022-01-01
16652,2800,10333,465,2022-01-01
16655,198,381,131,2022-01-01
16656,178,297,65,2022-01-01
16657,163,445,34,2022-01-01
16659,31,65,15,2022-01-01
16661,130,286,29,2022-01-01
16662,653,1830,218,2022-01-01
16664,183,416,73,2022-01-01
16666,423,965,99,2022-01-01
16667,166,356,92,2022-01-01
16668,469,1139,169,2022-01-01
16669,314,811,71,2022-01-01
16670,15,55,5,2022-01-01
16671,75,189,17,2022-01-01
16673,616,1587,228,2022-01-01
16674,88,191,37,2022-01-01
16678,379,866,104,2022-01-01
16679,123,243,26,2022-01-01
16680,80,138,8,2022-01-01
16682,28,55,13,2022-01-01
16683,33,169,9,2022-01-01
16685,43,86,15,2022-01-01
16686,2017,5528,411,2022-01-01
16689,39,121,55,2022-01-01
16691,41,102,22,2022-01-01
16692,73,266,30,2022-01-01
16693,667,1615,153,2022-01-01
16695,113,274,46,2022-01-01
16701,1929,5970,445,2022-01-01
16720,162,306,36,2022-01-01
16724,15,36,-1,2022-01-01
16726,53,171,19,2022-01-01
16727,32,114,6,2022-01-01
16729,89,222,21,2022-01-01
16731,290,687,58,2022-01-01
16732,29,117,7,2022-01-01
16734,32,44,11,2022-01-01
16735,791,1354,193,2022-01-01
16738,214,1120,343,2022-01-01
16740,123,280,33,2022-01-01
16743,561,1233,52,2022-01-01
16744,40,81,7,2022-01-01
16745,64,153,9,2022-01-01
16746,169,376,11,2022-01-01
16748,392,642,60,2022-01-01
16749,566,1366,92,2022-01-01
16750,48,117,6,2022-01-01
16801,7281,23921,684,2022-01-01
16802,1672,5077,94,2022-01-01
16803,2297,15081,368,2022-01-01
16820,135,374,25,2022-01-01
16821,57,117,11,2022-01-01
16822,403,720,33,2022-01-01
16823,4605,15519,418,2022-01-01
16827,520,2994,73,2022-01-01
16828,568,1995,56,2022-01-01
16829,130,232,26,2022-01-01
16830,2024,4661,587,2022-01-01
16832,65,165,5,2022-01-01
16833,664,1638,260,2022-01-01
16836,148,308,23,2022-01-01
16837,22,62,6,2022-01-01
16838,186,459,116,2022-01-01
16839,93,139,13,2022-01-01
16840,65,186,6,2022-01-01
16841,801,1832,86,2022-01-01
16844,425,1046,47,2022-01-01
16845,403,564,30,2022-01-01
16850,14,17,-1,2022-01-01
16852,36,113,5,2022-01-01
16854,138,400,13,2022-01-01
16858,545,1292,122,2022-01-01
16859,76,189,5,2022-01-01
16860,48,124,14,2022-01-01
16861,42,97,9,2022-01-01
16863,94,214,24,2022-01-01
16864,15,27,0,2022-01-01
16865,154,824,13,2022-01-01
16866,1495,5519,239,2022-01-01
16870,901,3875,123,2022-01-01
16871,7,14,-1,2022-01-01
16872,114,355,13,2022-01-01
16874,220,519,31,2022-01-01
16875,528,1523,61,2022-01-01
16876,39,102,8,2022-01-01
16877,213,689,24,2022-01-01
16878,267,601,71,2022-01-01
16879,56,152,10,2022-01-01
16881,299,592,99,2022-01-01
16882,29,119,-1,2022-01-01
16901,1216,3343,411,2022-01-01
16912,234,598,146,2022-01-01
16914,338,795,45,2022-01-01
16915,943,1916,91,2022-01-01
16917,152,411,63,2022-01-01
16920,223,625,89,2022-01-01
16921,54,141,14,2022-01-01
16922,174,497,36,2022-01-01
16923,160,265,6,2022-01-01
16925,484,1176,64,2022-01-01
16926,110,270,18,2022-01-01
16927,54,124,10,2022-01-01
16928,151,329,38,2022-01-01
16929,269,732,76,2022-01-01
16930,123,289,58,2022-01-01
16932,77,198,28,2022-01-01
16933,577,1686,240,2022-01-01
16935,138,285,52,2022-01-01
16936,266,638,50,2022-01-01
16937,22,42,-1,2022-01-01
16938,65,177,23,2022-01-01
16939,6,29,-1,2022-01-01
16940,22,49,7,2022-01-01
16941,7,10,0,2022-01-01
16942,86,234,20,2022-01-01
16943,45,128,8,2022-01-01
16946,344,829,69,2022-01-01
16947,782,1933,141,2022-01-01
16948,169,350,14,2022-01-01
16950,376,900,108,2022-01-01
17002,63,116,-1,2022-01-01
17003,1719,4511,271,2022-01-01
17004,654,1321,33,2022-01-01
17005,29,86,7,2022-01-01
17006,88,245,16,2022-01-01
17007,653,2150,147,2022-01-01
17009,410,733,11,2022-01-01
17011,4151,16031,1183,2022-01-01
17013,4309,16740,1042,2022-01-01
17014,21,51,-1,2022-01-01
17015,2637,8256,665,2022-01-01
17017,180,488,26,2022-01-01
17018,494,1404,146,2022-01-01
17019,2261,6354,821,2022-01-01
17020,1071,2726,360,2022-01-01
17021,101,269,16,2022-01-01
17022,4697,14437,446,2022-01-01
17023,324,859,64,2022-01-01
17024,220,530,54,2022-01-01
17025,1954,6769,633,2022-01-01
17026,535,1287,94,2022-01-01
17028,462,1311,82,2022-01-01
17029,73,132,-1,2022-01-01
17030,73,207,11,2022-01-01
17032,941,2180,268,2022-01-01
17033,2241,8964,276,2022-01-01
17034,359,983,74,2022-01-01
17035,121,226,5,2022-01-01
17036,2741,11014,498,2022-01-01
17037,101,226,14,2022-01-01
17038,1307,2891,235,2022-01-01
17040,275,758,73,2022-01-01
17042,7164,20118,1256,2022-01-01
17043,634,2404,226,2022-01-01
17044,4379,8712,183,2022-01-01
17045,381,883,95,2022-01-01
17046,5916,15239,881,2022-01-01
17047,327,751,55,2022-01-01
17048,465,1057,57,2022-01-01
17049,503,894,44,2022-01-01
17050,4135,17658,1438,2022-01-01
17051,752,1459,75,2022-01-01
17052,196,513,55,2022-01-01
17053,533,1705,180,2022-01-01
17055,4611,19324,1571,2022-01-01
17057,3307,10016,584,2022-01-01
17058,311,670,70,2022-01-01
17059,1267,2519,90,2022-01-01
17060,146,351,30,2022-01-01
17061,817,2004,162,2022-01-01
17062,438,1068,93,2022-01-01
17063,514,1120,24,2022-01-01
17064,100,428,16,2022-01-01
17065,491,1453,126,2022-01-01
17066,729,1802,194,2022-01-01
17067,2118,5241,360,2022-01-01
17068,518,1519,181,2022-01-01
17070,1852,6268,621,2022-01-01
17071,0,-1,0,2022-01-01
17073,774,1821,147,2022-01-01
17074,789,2118,176,2022-01-01
17076,9,24,-1,2022-01-01
17078,3239,10128,492,2022-01-01
17080,26,91,5,2022-01-01
17082,530,976,29,2022-01-01
17084,715,1514,32,2022-01-01
17086,369,612,49,2022-01-01
17087,408,847,71,2022-01-01
17090,600,1580,191,2022-01-01
17094,324,747,24,2022-01-01
17097,69,133,-1,2022-01-01
17098,265,713,49,2022-01-01
17099,254,493,-1,2022-01-01
17101,311,1749,39,2022-01-01
17102,1039,4101,151,2022-01-01
17103,1813,4942,216,2022-01-01
17104,2717,7390,289,2022-01-01
17109,3246,9599,708,2022-01-01
17110,3519,11380,574,2022-01-01
17111,5135,16069,1048,2022-01-01
17112,4012,14417,1235,2022-01-01
17113,1584,4236,258,2022-01-01
17120,-1,9,0,2022-01-01
17201,4426,12283,1221,2022-01-01
17202,4589,10634,1338,2022-01-01
17211,30,120,14,2022-01-01
17212,87,234,60,2022-01-01
17213,52,159,26,2022-01-01
17214,163,421,19,2022-01-01
17215,31,114,31,2022-01-01
17217,16,32,-1,2022-01-01
17219,45,91,14,2022-01-01
17220,63,137,13,2022-01-01
17221,91,215,36,2022-01-01
17222,1594,4019,400,2022-01-01
17223,43,117,33,2022-01-01
17224,188,563,95,2022-01-01
17225,3339,7087,475,2022-01-01
17228,92,367,151,2022-01-01
17229,104,405,150,2022-01-01
17232,11,33,-1,2022-01-01
17233,483,1871,716,2022-01-01
17236,1134,3444,382,2022-01-01
17237,333,704,43,2022-01-01
17238,182,610,164,2022-01-01
17239,28,59,18,2022-01-01
17240,328,736,100,2022-01-01
17241,1216,3568,422,2022-01-01
17243,257,530,126,2022-01-01
17244,292,592,83,2022-01-01
17246,20,71,9,2022-01-01
17252,505,1252,157,2022-01-01
17255,128,338,74,2022-01-01
17257,3243,8058,823,2022-01-01
17260,213,362,48,2022-01-01
17262,94,264,41,2022-01-01
17264,289,749,155,2022-01-01
17265,58,124,13,2022-01-01
17266,45,147,17,2022-01-01
17267,358,1001,191,2022-01-01
17268,5320,11384,711,2022-01-01
17271,51,140,27,2022-01-01
17301,639,1655,217,2022-01-01
17302,362,1064,66,2022-01-01
17304,479,1238,92,2022-01-01
17307,819,2177,141,2022-01-01
17309,292,649,58,2022-01-01
17313,1856,4993,356,2022-01-01
17314,629,2146,66,2022-01-01
17315,4363,10282,803,2022-01-01
17316,1118,2960,353,2022-01-01
17319,1406,3966,377,2022-01-01
17320,1144,3368,156,2022-01-01
17321,260,834,35,2022-01-01
17322,909,2218,186,2022-01-01
17324,546,1443,164,2022-01-01
17325,3965,15297,515,2022-01-01
17327,1032,3101,188,2022-01-01
17329,365,874,99,2022-01-01
17331,7533,22462,2269,2022-01-01
17339,803,2393,233,2022-01-01
17340,1650,4464,343,2022-01-01
17344,575,1342,152,2022-01-01
17345,1281,3197,302,2022-01-01
17347,1018,2790,256,2022-01-01
17349,1043,3897,202,2022-01-01
17350,2058,5492,585,2022-01-01
17352,180,488,31,2022-01-01
17353,508,1296,77,2022-01-01
17356,3888,9880,667,2022-01-01
17360,973,2767,198,2022-01-01
17361,872,3090,143,2022-01-01
17362,1897,5140,639,2022-01-01
17363,1334,4057,224,2022-01-01
17364,589,1415,141,2022-01-01
17365,377,836,79,2022-01-01
17366,943,2242,212,2022-01-01
17368,1177,3153,255,2022-01-01
17370,893,2355,227,2022-01-01
17372,511,1357,164,2022-01-01
17401,3528,9249,377,2022-01-01
17402,6957,20901,1705,2022-01-01
17403,6892,19671,1118,2022-01-01
17404,6396,17454,1255,2022-01-01
17406,3484,10077,831,2022-01-01
17407,357,1044,59,2022-01-01
17408,3811,10760,830,2022-01-01
17501,746,2082,131,2022-01-01
17502,438,1017,34,2022-01-01
17505,118,372,21,2022-01-01
17509,452,1327,78,2022-01-01
17512,2919,8628,480,2022-01-01
17516,618,1742,121,2022-01-01
17517,2259,5676,504,2022-01-01
17518,84,350,12,2022-01-01
17519,828,1833,111,2022-01-01
17520,732,2176,98,2022-01-01
17522,5107,13210,844,2022-01-01
17527,672,1909,90,2022-01-01
17529,292,970,50,2022-01-01
17532,376,1136,64,2022-01-01
17535,263,705,33,2022-01-01
17536,250,772,34,2022-01-01
17538,982,3332,167,2022-01-01
17540,1436,3972,200,2022-01-01
17543,6438,21271,884,2022-01-01
17545,3290,8889,406,2022-01-01
17547,1374,3614,140,2022-01-01
17550,190,466,11,2022-01-01
17551,1312,4002,259,2022-01-01
17552,3193,9102,315,2022-01-01
17554,1267,3712,241,2022-01-01
17555,628,1848,132,2022-01-01
17557,1889,5383,228,2022-01-01
17560,604,1831,80,2022-01-01
17562,448,1161,48,2022-01-01
17563,470,1144,34,2022-01-01
17565,284,970,69,2022-01-01
17566,1540,4241,209,2022-01-01
17569,866,2342,201,2022-01-01
17572,310,905,41,2022-01-01
17576,22,83,9,2022-01-01
17578,878,2227,187,2022-01-01
17579,827,2228,124,2022-01-01
17581,173,392,34,2022-01-01
17582,309,815,72,2022-01-01
17584,1401,4631,279,2022-01-01
17601,7332,27238,1503,2022-01-01
17602,9159,28464,1501,2022-01-01
17603,10525,34741,1800,2022-01-01
17701,6266,15917,1618,2022-01-01
17702,1501,3131,317,2022-01-01
17721,223,379,17,2022-01-01
17723,5,19,0,2022-01-01
17724,573,1601,122,2022-01-01
17727,8,16,-1,2022-01-01
17728,700,1402,143,2022-01-01
17729,7,34,6,2022-01-01
17731,16,128,-1,2022-01-01
17737,1064,1901,159,2022-01-01
17740,2399,4131,227,2022-01-01
17742,10,33,-1,2022-01-01
17744,424,901,73,2022-01-01
17745,3018,6649,215,2022-01-01
17747,377,705,31,2022-01-01
17751,1239,2321,78,2022-01-01
17752,667,1387,142,2022-01-01
17754,1856,3982,459,2022-01-01
17756,2209,5624,252,2022-01-01
17758,113,289,22,2022-01-01
17760,50,126,51,2022-01-01
17763,17,68,-1,2022-01-01
17764,178,498,230,2022-01-01
17765,129,337,36,2022-01-01
17768,37,90,8,2022-01-01
17771,362,748,94,2022-01-01
17772,291,751,43,2022-01-01
17774,163,305,19,2022-01-01
17776,41,78,-1,2022-01-01
17777,955,1927,198,2022-01-01
17778,5,18,-1,2022-01-01
17801,2805,6155,410,2022-01-01
17810,259,1300,70,2022-01-01
17812,219,448,42,2022-01-01
17813,316,825,73,2022-01-01
17814,585,1629,96,2022-01-01
17815,3905,10672,329,2022-01-01
17820,831,2124,43,2022-01-01
17821,2839,8290,235,2022-01-01
17823,168,304,11,2022-01-01
17824,600,1524,37,2022-01-01
17827,126,240,24,2022-01-01
17830,279,601,36,2022-01-01
17832,103,234,-1,2022-01-01
17834,678,1306,53,2022-01-01
17835,9,21,5,2022-01-01
17836,21,52,5,2022-01-01
17837,2267,12917,409,2022-01-01
17840,46,97,0,2022-01-01
17841,734,1312,42,2022-01-01
17842,1226,2390,272,2022-01-01
17844,1173,2613,315,2022-01-01
17845,310,794,67,2022-01-01
17846,683,1334,40,2022-01-01
17847,1755,3739,347,2022-01-01
17850,67,185,18,2022-01-01
17851,1414,2863,87,2022-01-01
17853,353,706,71,2022-01-01
17855,109,289,44,2022-01-01
17856,464,950,122,2022-01-01
17857,1227,4148,285,2022-01-01
17859,486,1198,38,2022-01-01
17860,367,797,32,2022-01-01
17864,229,458,34,2022-01-01
17866,1973,6403,96,2022-01-01
17867,22,31,0,2022-01-01
17868,75,172,-1,2022-01-01
17870,1984,6057,499,2022-01-01
17872,1587,3644,119,2022-01-01
17876,249,605,57,2022-01-01
17877,0,5,0,2022-01-01
17878,212,598,48,2022-01-01
17881,231,507,35,2022-01-01
17886,130,267,38,2022-01-01
17888,46,106,5,2022-01-01
17889,331,914,89,2022-01-01
17901,4002,9732,513,2022-01-01
17921,996,2271,108,2022-01-01
17922,790,1727,133,2022-01-01
17923,45,123,-1,2022-01-01
17925,71,139,11,2022-01-01
17929,365,525,40,2022-01-01
17930,76,152,11,2022-01-01
17931,971,3155,171,2022-01-01
17934,41,102,7,2022-01-01
17935,234,577,36,2022-01-01
17938,347,777,64,2022-01-01
17941,124,222,15,2022-01-01
17948,646,1682,72,2022-01-01
17954,775,2723,94,2022-01-01
17957,39,104,9,2022-01-01
17959,203,480,23,2022-01-01
17960,680,1321,47,2022-01-01
17961,1125,2700,223,2022-01-01
17963,1223,2960,224,2022-01-01
17964,90,216,24,2022-01-01
17965,369,735,51,2022-01-01
17967,311,885,45,2022-01-01
17968,43,87,5,2022-01-01
17970,465,1172,62,2022-01-01
17972,2061,4354,235,2022-01-01
17974,38,115,9,2022-01-01
17976,1063,2622,103,2022-01-01
17978,23,84,8,2022-01-01
17980,494,982,68,2022-01-01
17981,431,879,139,2022-01-01
17983,204,438,32,2022-01-01
17985,199,444,24,2022-01-01
18011,856,2639,81,2022-01-01
18013,2742,7640,146,2022-01-01
18014,1829,4907,109,2022-01-01
18015,6242,18181,417,2022-01-01
18017,6441,20100,569,2022-01-01
18018,5219,15904,475,2022-01-01
18020,3344,10296,258,2022-01-01
18031,1619,5714,94,2022-01-01
18032,1627,4185,132,2022-01-01
18034,1215,4716,87,2022-01-01
18035,29,120,0,2022-01-01
18036,2000,6468,152,2022-01-01
18037,1244,3171,85,2022-01-01
18038,497,1185,30,2022-01-01
18040,2563,9029,246,2022-01-01
18041,781,2394,65,2022-01-01
18042,7503,22194,1019,2022-01-01
18045,4633,15335,475,2022-01-01
18049,2625,8805,224,2022-01-01
18051,475,1583,36,2022-01-01
18052,5602,13903,419,2022-01-01
18053,398,924,36,2022-01-01
18054,603,2141,54,2022-01-01
18055,1755,5832,116,2022-01-01
18056,120,422,8,2022-01-01
18058,1546,3727,41,2022-01-01
18059,164,591,-1,2022-01-01
18062,3685,12270,249,2022-01-01
18063,69,190,-1,2022-01-01
18064,4519,12945,288,2022-01-01
18066,976,2421,54,2022-01-01
18067,3265,8584,266,2022-01-01
18069,1145,4031,93,2022-01-01
18070,144,313,12,2022-01-01
18071,2131,4504,58,2022-01-01
18072,1043,2883,38,2022-01-01
18073,1513,5353,169,2022-01-01
18074,642,2375,132,2022-01-01
18076,403,1252,37,2022-01-01
18077,256,1004,23,2022-01-01
18078,933,3260,72,2022-01-01
18080,1989,4806,113,2022-01-01
18083,114,220,-1,2022-01-01
18085,118,357,7,2022-01-01
18087,159,440,8,2022-01-01
18088,1494,3595,62,2022-01-01
18091,887,2647,31,2022-01-01
18092,448,1356,33,2022-01-01
18101,819,2566,46,2022-01-01
18102,10747,27796,384,2022-01-01
18103,8696,24417,527,2022-01-01
18104,7143,23701,690,2022-01-01
18106,1161,3963,84,2022-01-01
18109,4080,10435,198,2022-01-01
18201,5952,13504,308,2022-01-01
18202,2292,5861,220,2022-01-01
18210,1224,3568,39,2022-01-01
18211,238,468,11,2022-01-01
18214,291,847,40,2022-01-01
18216,215,516,14,2022-01-01
18218,397,997,10,2022-01-01
18219,185,545,16,2022-01-01
18220,23,107,6,2022-01-01
18222,1417,3857,166,2022-01-01
18224,990,2564,152,2022-01-01
18225,25,58,-1,2022-01-01
18229,1233,3463,41,2022-01-01
18230,9,41,-1,2022-01-01
18232,645,1913,18,2022-01-01
18235,3574,7634,134,2022-01-01
18237,519,1444,38,2022-01-01
18240,616,1726,19,2022-01-01
18245,26,86,0,2022-01-01
18246,23,46,-1,2022-01-01
18248,76,196,8,2022-01-01
18249,543,1591,57,2022-01-01
18250,535,1369,15,2022-01-01
18252,1993,4511,107,2022-01-01
18254,115,325,5,2022-01-01
18255,829,1890,54,2022-01-01
18301,4645,13158,135,2022-01-01
18302,2556,8423,87,2022-01-01
18321,263,815,6,2022-01-01
18322,443,1163,9,2022-01-01
18324,1246,4662,60,2022-01-01
18325,317,1048,12,2022-01-01
18326,625,2043,15,2022-01-01
18327,91,357,-1,2022-01-01
18328,870,3303,90,2022-01-01
18330,1501,3895,31,2022-01-01
18331,110,308,-1,2022-01-01
18332,462,1356,12,2022-01-01
18333,116,301,-1,2022-01-01
18334,576,1821,10,2022-01-01
18336,441,1230,60,2022-01-01
18337,1840,6148,194,2022-01-01
18340,16,57,-1,2022-01-01
18343,524,1699,24,2022-01-01
18344,561,1806,22,2022-01-01
18346,502,1299,17,2022-01-01
18347,325,1264,13,2022-01-01
18350,171,898,6,2022-01-01
18352,42,217,-1,2022-01-01
18353,1849,5003,47,2022-01-01
18354,152,494,-1,2022-01-01
18355,171,610,5,2022-01-01
18360,4642,14152,124,2022-01-01
18370,151,497,5,2022-01-01
18371,119,375,-1,2022-01-01
18372,374,1263,9,2022-01-01
18403,766,2804,165,2022-01-01
18405,309,816,37,2022-01-01
18407,1588,5974,395,2022-01-01
18411,2186,9921,455,2022-01-01
18414,508,2297,96,2022-01-01
18415,111,346,25,2022-01-01
18417,112,1094,16,2022-01-01
18419,472,1634,112,2022-01-01
18421,552,1670,112,2022-01-01
18424,512,2202,91,2022-01-01
18425,147,684,26,2022-01-01
18426,382,1666,79,2022-01-01
18427,27,145,9,2022-01-01
18428,1272,5386,242,2022-01-01
18430,6,28,-1,2022-01-01
18431,1507,5275,292,2022-01-01
18433,637,2383,152,2022-01-01
18434,369,1581,116,2022-01-01
18435,84,420,23,2022-01-01
18436,1401,5300,372,2022-01-01
18437,24,85,-1,2022-01-01
18438,95,435,20,2022-01-01
18439,52,316,10,2022-01-01
18441,28,66,-1,2022-01-01
18443,45,158,11,2022-01-01
18444,1341,5131,283,2022-01-01
18445,211,851,41,2022-01-01
18446,456,1226,78,2022-01-01
18447,1023,3987,238,2022-01-01
18451,31,198,6,2022-01-01
18452,597,1963,189,2022-01-01
18453,97,346,19,2022-01-01
18455,-1,42,-1,2022-01-01
18456,39,136,10,2022-01-01
18458,317,1057,47,2022-01-01
18460,18,79,-1,2022-01-01
18461,19,87,6,2022-01-01
18462,47,146,5,2022-01-01
18463,18,68,-1,2022-01-01
18464,151,624,28,2022-01-01
18465,178,462,10,2022-01-01
18466,2546,7632,74,2022-01-01
18469,43,147,8,2022-01-01
18470,181,762,41,2022-01-01
18471,51,349,9,2022-01-01
18472,1479,3725,137,2022-01-01
18503,194,922,39,2022-01-01
18504,2478,8999,483,2022-01-01
18505,2588,8926,535,2022-01-01
18507,630,2353,105,2022-01-01
18508,1416,5004,294,2022-01-01
18509,1357,6606,356,2022-01-01
18510,2144,7756,293,2022-01-01
18512,1169,4949,334,2022-01-01
18517,663,2424,132,2022-01-01
18518,1063,3645,190,2022-01-01
18519,592,2146,119,2022-01-01
18603,3124,7263,369,2022-01-01
18610,753,2167,26,2022-01-01
18612,3324,9199,237,2022-01-01
18614,242,845,51,2022-01-01
18615,205,692,31,2022-01-01
18616,114,225,27,2022-01-01
18617,253,707,29,2022-01-01
18618,514,1534,30,2022-01-01
18619,15,66,-1,2022-01-01
18621,588,2518,96,2022-01-01
18622,31,108,9,2022-01-01
18623,372,956,94,2022-01-01
18624,70,336,-1,2022-01-01
18628,29,94,-1,2022-01-01
18629,170,609,28,2022-01-01
18630,376,1083,68,2022-01-01
18631,141,350,27,2022-01-01
18632,36,127,5,2022-01-01
18634,1982,5954,246,2022-01-01
18635,663,1418,71,2022-01-01
18636,199,542,37,2022-01-01
18640,2425,7655,246,2022-01-01
18641,811,2700,91,2022-01-01
18642,572,1893,51,2022-01-01
18643,1798,5376,214,2022-01-01
18644,983,3276,132,2022-01-01
18651,1273,3961,164,2022-01-01
18655,740,2235,118,2022-01-01
18656,329,903,23,2022-01-01
18657,1377,4356,250,2022-01-01
18660,476,1306,48,2022-01-01
18661,717,2284,64,2022-01-01
18701,246,967,34,2022-01-01
18702,6305,19098,572,2022-01-01
18704,4377,14703,456,2022-01-01
18705,2160,6219,236,2022-01-01
18706,2272,7643,252,2022-01-01
18707,2271,7147,194,2022-01-01
18708,1146,4140,126,2022-01-01
18709,371,1140,40,2022-01-01
18801,1106,3271,121,2022-01-01
18810,1265,3210,96,2022-01-01
18812,134,415,14,2022-01-01
18817,22,82,5,2022-01-01
18818,110,296,27,2022-01-01
18821,173,304,12,2022-01-01
18822,417,1086,39,2022-01-01
18823,33,83,-1,2022-01-01
18824,140,423,20,2022-01-01
18825,34,34,-1,2022-01-01
18826,204,626,30,2022-01-01
18828,51,100,-1,2022-01-01
18829,129,270,19,2022-01-01
18830,66,189,9,2022-01-01
18831,186,458,13,2022-01-01
18832,232,597,40,2022-01-01
18833,245,662,54,2022-01-01
18834,463,1208,34,2022-01-01
18837,436,1109,58,2022-01-01
18840,1877,5343,131,2022-01-01
18842,34,86,-1,2022-01-01
18844,228,591,29,2022-01-01
18845,40,122,6,2022-01-01
18846,110,273,13,2022-01-01
18847,864,1586,50,2022-01-01
18848,1176,3381,297,2022-01-01
18850,360,926,40,2022-01-01
18851,96,246,10,2022-01-01
18853,565,1624,103,2022-01-01
18854,187,549,27,2022-01-01
18901,3065,16755,635,2022-01-01
18902,2081,11480,358,2022-01-01
18913,18,251,10,2022-01-01
18914,2271,10925,517,2022-01-01
18915,150,890,36,2022-01-01
18917,336,1006,49,2022-01-01
18920,41,325,7,2022-01-01
18923,140,582,18,2022-01-01
18925,625,3472,108,2022-01-01
18927,29,149,5,2022-01-01
18929,1083,4601,146,2022-01-01
18930,259,1146,30,2022-01-01
18932,72,284,14,2022-01-01
18933,7,117,-1,2022-01-01
18934,9,146,-1,2022-01-01
18936,136,450,13,2022-01-01
18938,1048,7664,157,2022-01-01
18940,3156,18448,566,2022-01-01
18942,369,1436,56,2022-01-01
18944,3399,12142,479,2022-01-01
18947,651,2939,90,2022-01-01
18951,5384,16140,463,2022-01-01
18954,1162,5077,254,2022-01-01
18955,340,863,48,2022-01-01
18960,1773,6131,265,2022-01-01
18964,1894,6929,285,2022-01-01
18966,4584,18803,1040,2022-01-01
18969,2179,7533,317,2022-01-01
18972,259,1317,18,2022-01-01
18974,4988,20274,905,2022-01-01
18976,2413,11291,331,2022-01-01
18977,341,2440,66,2022-01-01
19001,1913,9288,386,2022-01-01
19002,3055,18796,580,2022-01-01
19003,1140,8682,167,2022-01-01
19004,1165,10651,116,2022-01-01
19006,2896,11952,521,2022-01-01
19007,2811,9922,583,2022-01-01
19008,2797,10351,506,2022-01-01
19009,85,620,18,2022-01-01
19010,1738,14993,369,2022-01-01
19012,696,3332,107,2022-01-01
19013,5141,17942,486,2022-01-01
19014,2665,10328,492,2022-01-01
19015,2011,7944,493,2022-01-01
19018,2835,11231,586,2022-01-01
19020,7634,26814,1144,2022-01-01
19021,1343,4438,211,2022-01-01
19022,530,1750,89,2022-01-01
19023,3250,10324,284,2022-01-01
19025,517,3819,67,2022-01-01
19026,3813,15390,759,2022-01-01
19027,1923,10637,296,2022-01-01
19029,534,1854,97,2022-01-01
19030,1654,6065,406,2022-01-01
19031,567,3266,134,2022-01-01
19032,951,3204,134,2022-01-01
19033,1020,3592,224,2022-01-01
19034,661,4007,112,2022-01-01
19035,355,3342,52,2022-01-01
19036,1781,6187,313,2022-01-01
19038,3135,17753,594,2022-01-01
19040,2421,10577,462,2022-01-01
19041,493,4628,55,2022-01-01
19043,361,1319,101,2022-01-01
19044,1596,7822,355,2022-01-01
19046,1933,10840,352,2022-01-01
19047,4342,18366,1004,2022-01-01
19050,3719,14806,441,2022-01-01
19053,3493,13469,927,2022-01-01
19054,2277,8394,585,2022-01-01
19055,1866,6466,479,2022-01-01
19056,2151,7349,484,2022-01-01
19057,2308,7845,563,2022-01-01
19060,1390,6331,204,2022-01-01
19061,2700,9939,320,2022-01-01
19063,3938,20764,820,2022-01-01
19064,3144,12737,749,2022-01-01
19066,522,4660,67,2022-01-01
19067,5120,28655,1211,2022-01-01
19070,873,3597,218,2022-01-01
19072,629,6876,107,2022-01-01
19073,2223,12504,450,2022-01-01
19074,797,2682,177,2022-01-01
19075,682,4100,152,2022-01-01
19076,944,3033,220,2022-01-01
19078,1498,5465,304,2022-01-01
19079,1309,4514,138,2022-01-01
19081,875,6193,200,2022-01-01
19082,4975,19598,475,2022-01-01
19083,3792,19659,694,2022-01-01
19085,646,5803,123,2022-01-01
19086,1316,6940,278,2022-01-01
19087,2535,20075,751,2022-01-01
19090,2447,10675,387,2022-01-01
19094,677,2157,125,2022-01-01
19095,924,4163,169,2022-01-01
19096,1009,10162,129,2022-01-01
19102,629,4486,83,2022-01-01
19103,2358,17973,265,2022-01-01
19104,6472,35880,326,2022-01-01
19106,1236,8246,161,2022-01-01
19107,1607,9589,132,2022-01-01
19111,9059,29601,1013,2022-01-01
19112,14,60,-1,2022-01-01
19113,7,56,0,2022-01-01
19114,4458,14102,551,2022-01-01
19115,5411,16528,589,2022-01-01
19116,5287,15777,777,2022-01-01
19118,806,6531,107,2022-01-01
19119,2807,15765,334,2022-01-01
19120,9060,29767,782,2022-01-01
19121,4846,17997,368,2022-01-01
19122,3333,11803,222,2022-01-01
19123,2258,10574,224,2022-01-01
19124,9967,32720,900,2022-01-01
19125,2956,14753,313,2022-01-01
19126,2377,7966,258,2022-01-01
19127,677,3586,160,2022-01-01
19128,3715,19392,765,2022-01-01
19129,1175,5974,160,2022-01-01
19130,2802,17225,430,2022-01-01
19131,5662,23974,589,2022-01-01
19132,4330,16658,305,2022-01-01
19133,3851,12753,232,2022-01-01
19134,7651,28666,675,2022-01-01
19135,4836,15267,548,2022-01-01
19136,7128,28239,640,2022-01-01
19137,1099,3626,136,2022-01-01
19138,4158,14802,469,2022-01-01
19139,6154,23786,363,2022-01-01
19140,7374,27100,458,2022-01-01
19141,4022,14133,361,2022-01-01
19142,4059,14017,262,2022-01-01
19143,8343,35411,537,2022-01-01
19144,5404,23087,500,2022-01-01
19145,7296,23075,516,2022-01-01
19146,4691,25566,487,2022-01-01
19147,3819,22572,429,2022-01-01
19148,7386,24843,532,2022-01-01
19149,7018,23627,796,2022-01-01
19150,3037,11446,305,2022-01-01
19151,4243,15280,435,2022-01-01
19152,5557,15775,518,2022-01-01
19153,1620,6187,112,2022-01-01
19154,5060,16144,745,2022-01-01
19301,601,4416,168,2022-01-01
19310,351,1126,56,2022-01-01
19311,1064,4462,222,2022-01-01
19312,933,7358,312,2022-01-01
19317,910,6124,180,2022-01-01
19319,29,159,5,2022-01-01
19320,6421,23771,1748,2022-01-01
19330,684,2326,141,2022-01-01
19333,568,4734,206,2022-01-01
19335,5041,27318,1822,2022-01-01
19341,1551,10736,631,2022-01-01
19342,2230,10790,344,2022-01-01
19343,742,4033,323,2022-01-01
19344,1471,5208,388,2022-01-01
19345,6,19,0,2022-01-01
19348,2320,12389,575,2022-01-01
19350,1075,5919,230,2022-01-01
19352,987,4723,208,2022-01-01
19355,2552,18640,754,2022-01-01
19362,668,2239,113,2022-01-01
19363,2225,7876,430,2022-01-01
19365,878,3043,217,2022-01-01
19372,242,1215,93,2022-01-01
19373,428,1467,61,2022-01-01
19374,150,484,19,2022-01-01
19380,4837,25975,1185,2022-01-01
19382,5961,28469,1138,2022-01-01
19383,98,195,46,2022-01-01
19390,1719,7254,439,2022-01-01
19401,5301,18684,1154,2022-01-01
19403,4899,23815,1329,2022-01-01
19405,595,2357,180,2022-01-01
19406,2465,14946,713,2022-01-01
19422,1694,11586,399,2022-01-01
19425,1318,9208,490,2022-01-01
19426,4297,21897,1235,2022-01-01
19428,1986,10581,657,2022-01-01
19435,29,118,17,2022-01-01
19436,14,316,-1,2022-01-01
19438,2821,12360,395,2022-01-01
19440,2274,9543,350,2022-01-01
19444,1094,6432,264,2022-01-01
19446,6531,32064,1158,2022-01-01
19453,99,623,45,2022-01-01
19454,2521,15495,597,2022-01-01
19456,35,183,10,2022-01-01
19460,3939,22463,1153,2022-01-01
19462,1647,8697,601,2022-01-01
19464,6040,24694,2000,2022-01-01
19465,1865,8431,758,2022-01-01
19468,3152,13510,991,2022-01-01
19473,1894,7664,392,2022-01-01
19475,1248,6137,437,2022-01-01
19477,74,292,12,2022-01-01
19492,141,1047,41,2022-01-01
19501,138,455,32,2022-01-01
19503,160,537,61,2022-01-01
19504,628,2048,182,2022-01-01
19505,381,1401,134,2022-01-01
19506,931,2594,256,2022-01-01
19507,440,994,77,2022-01-01
19508,1805,5958,845,2022-01-01
19510,1089,3208,325,2022-01-01
19512,1911,6455,779,2022-01-01
19518,1995,7223,796,2022-01-01
19520,503,2333,162,2022-01-01
19522,1783,5213,443,2022-01-01
19525,1932,7407,700,2022-01-01
19526,1962,4297,323,2022-01-01
19529,473,1083,22,2022-01-01
19530,1800,5155,119,2022-01-01
19533,1185,3886,407,2022-01-01
19534,347,678,32,2022-01-01
19539,646,1611,49,2022-01-01
19540,1325,4294,544,2022-01-01
19541,649,1453,200,2022-01-01
19543,683,2442,203,2022-01-01
19547,485,1589,204,2022-01-01
19549,52,102,10,2022-01-01
19550,108,241,6,2022-01-01
19551,622,1710,252,2022-01-01
19555,517,1266,135,2022-01-01
19560,1339,3761,435,2022-01-01
19562,402,1211,32,2022-01-01
19565,1246,3480,452,2022-01-01
19567,781,2036,201,2022-01-01
19601,6018,16748,1217,2022-01-01
19602,3296,9370,555,2022-01-01
19604,4463,11993,1024,2022-01-01
19605,3321,9201,1020,2022-01-01
19606,4707,14317,1882,2022-01-01
19607,3039,9447,1259,2022-01-01
19608,3128,9747,1355,2022-01-01
19609,1362,4184,579,2022-01-01
19610,1723,7417,740,2022-01-01
19611,1870,5160,482,2022-01-01
15001,4033,11953,1043,2022-01-01
15003,1467,4079,313,2022-01-01
15004,25,94,15,2022-01-01
15005,1123,3527,318,2022-01-01
15007,44,150,10,2022-01-01
15009,2656,6146,515,2022-01-01
15010,3950,10398,892,2022-01-01
15012,1688,5615,1120,2022-01-01
15014,507,1598,118,2022-01-01
15015,135,558,41,2022-01-01
15017,1838,7409,997,2022-01-01
15018,111,308,45,2022-01-01
15019,156,529,59,2022-01-01
15021,595,2146,362,2022-01-01
15022,1131,3695,577,2022-01-01
15024,1090,3650,366,2022-01-01
15025,2269,7420,696,2022-01-01
15026,486,1475,167,2022-01-01
15027,290,774,87,2022-01-01
15030,133,429,37,2022-01-01
15031,61,216,28,2022-01-01
15032,11,50,-1,2022-01-01
15033,475,1743,210,2022-01-01
15034,194,611,67,2022-01-01
15035,242,805,69,2022-01-01
15037,1376,3907,494,2022-01-01
15042,948,2672,246,2022-01-01
15043,237,613,119,2022-01-01
15044,2972,12085,1162,2022-01-01
15045,591,1725,140,2022-01-01
15046,265,849,149,2022-01-01
15049,109,376,22,2022-01-01
15050,298,756,112,2022-01-01
15051,42,166,11,2022-01-01
15052,461,1086,126,2022-01-01
15053,32,68,13,2022-01-01
15054,35,193,23,2022-01-01
15055,150,572,60,2022-01-01
15056,90,426,35,2022-01-01
15057,1636,7040,966,2022-01-01
15059,490,1358,131,2022-01-01
15060,98,344,41,2022-01-01
15061,1774,5147,418,2022-01-01
15062,774,2818,359,2022-01-01
15063,1378,4390,531,2022-01-01
15064,44,152,25,2022-01-01
15065,1373,4087,387,2022-01-01
15066,1573,4372,447,2022-01-01
15067,252,730,103,2022-01-01
15068,4571,14397,1347,2022-01-01
15071,1158,4827,566,2022-01-01
15074,1223,3637,260,2022-01-01
15076,87,357,47,2022-01-01
15077,18,43,-1,2022-01-01
15078,46,163,22,2022-01-01
15082,52,116,22,2022-01-01
15083,115,411,56,2022-01-01
15084,1154,3516,392,2022-01-01
15085,938,2911,419,2022-01-01
15086,65,381,13,2022-01-01
15089,625,2057,379,2022-01-01
15090,2601,11383,758,2022-01-01
15101,2320,10339,897,2022-01-01
15102,2992,12371,1356,2022-01-01
15104,946,3089,151,2022-01-01
15106,1938,7757,835,2022-01-01
15108,4529,18445,2087,2022-01-01
15110,716,2018,103,2022-01-01
15112,406,1345,67,2022-01-01
15116,1458,5481,503,2022-01-01
15120,2310,7176,421,2022-01-01
15122,2489,7728,775,2022-01-01
15126,676,2792,339,2022-01-01
15129,1110,4299,540,2022-01-01
15131,1079,3080,292,2022-01-01
15132,3094,8492,429,2022-01-01
15133,952,2374,210,2022-01-01
15135,697,1851,199,2022-01-01
15136,2628,9159,908,2022-01-01
15137,1169,3948,356,2022-01-01
15139,877,4854,203,2022-01-01
15140,351,1163,118,2022-01-01
15142,180,951,96,2022-01-01
15143,1954,10064,624,2022-01-01
15144,483,1505,135,2022-01-01
15145,809,2814,262,2022-01-01
15146,3469,12555,1154,2022-01-01
15147,1803,6522,482,2022-01-01
15148,300,843,96,2022-01-01
15201,1348,6677,336,2022-01-01
15202,2183,8368,570,2022-01-01
15203,1397,5536,348,2022-01-01
15204,934,3071,245,2022-01-01
15205,2720,10492,935,2022-01-01
15206,3029,16435,489,2022-01-01
15207,1258,4707,208,2022-01-01
15208,1022,4883,123,2022-01-01
15209,1265,4807,405,2022-01-01
15210,2866,9371,714,2022-01-01
15211,1310,4685,427,2022-01-01
15212,3180,12487,611,2022-01-01
15213,2067,13735,298,2022-01-01
15214,1603,5944,354,2022-01-01
15215,969,5748,370,2022-01-01
15216,2228,10015,832,2022-01-01
15217,2604,18498,314,2022-01-01
15218,1308,6569,258,2022-01-01
15219,1942,7305,558,2022-01-01
15220,1920,8462,748,2022-01-01
15221,3116,13387,614,2022-01-01
15222,581,3988,134,2022-01-01
15223,731,2770,250,2022-01-01
15224,995,5224,201,2022-01-01
15225,103,429,29,2022-01-01
15226,1474,5918,564,2022-01-01
15227,3520,11608,1233,2022-01-01
15228,1513,9024,672,2022-01-01
15229,1498,5448,460,2022-01-01
15231,-1,81,0,2022-01-01
15232,1033,8015,233,2022-01-01
15233,382,1236,46,2022-01-01
15234,1563,6312,657,2022-01-01
15235,3770,14095,1210,2022-01-01
15236,3809,13352,1536,2022-01-01
15237,4515,19708,1535,2022-01-01
15238,1088,6664,365,2022-01-01
15239,2399,8131,987,2022-01-01
15241,2126,11306,1026,2022-01-01
15243,1397,7863,579,2022-01-01
15260,21,19,0,2022-01-01
15261,31,150,0,2022-01-01
15275,12,94,-1,2022-01-01
15301,5519,20846,2756,2022-01-01
15310,30,66,19,2022-01-01
15311,142,442,90,2022-01-01
15312,382,1128,203,2022-01-01
15313,39,105,25,2022-01-01
15314,384,1313,253,2022-01-01
15317,5212,19774,2434,2022-01-01
15320,602,1688,357,2022-01-01
15321,163,670,109,2022-01-01
15322,200,702,140,2022-01-01
15323,437,1463,302,2022-01-01
15324,75,269,47,2022-01-01
15327,160,463,56,2022-01-01
15329,147,454,106,2022-01-01
15330,577,2046,324,2022-01-01
15331,100,379,67,2022-01-01
15332,796,2887,421,2022-01-01
15333,195,679,150,2022-01-01
15334,15,44,11,2022-01-01
15337,62,183,32,2022-01-01
15338,197,525,80,2022-01-01
15340,119,512,85,2022-01-01
15341,103,232,42,2022-01-01
15342,580,2033,289,2022-01-01
15344,186,529,137,2022-01-01
15345,136,501,100,2022-01-01
15346,57,244,55,2022-01-01
15347,81,280,40,2022-01-01
15349,173,496,62,2022-01-01
15352,84,251,38,2022-01-01
15353,-1,22,5,2022-01-01
15357,166,488,151,2022-01-01
15359,34,76,14,2022-01-01
15360,205,647,119,2022-01-01
15361,13,57,16,2022-01-01
15362,84,235,37,2022-01-01
15363,111,308,32,2022-01-01
15364,67,201,50,2022-01-01
15367,1046,4404,592,2022-01-01
15370,1762,6392,680,2022-01-01
15376,191,634,118,2022-01-01
15377,68,207,35,2022-01-01
15380,46,180,31,2022-01-01
15401,3850,12251,1702,2022-01-01
15410,92,236,40,2022-01-01
15411,74,173,22,2022-01-01
15412,30,123,28,2022-01-01
15413,71,189,40,2022-01-01
15417,781,2638,485,2022-01-01
15419,235,1036,190,2022-01-01
15423,183,591,117,2022-01-01
15424,255,853,102,2022-01-01
15425,1792,5936,1392,2022-01-01
15427,106,346,64,2022-01-01
15428,165,507,154,2022-01-01
15429,19,99,18,2022-01-01
15431,469,1470,339,2022-01-01
15432,33,179,28,2022-01-01
15433,67,269,57,2022-01-01
15434,33,88,13,2022-01-01
15436,386,930,181,2022-01-01
15437,241,1162,89,2022-01-01
15438,243,684,138,2022-01-01
15440,47,90,26,2022-01-01
15442,214,704,144,2022-01-01
15444,41,176,23,2022-01-01
15445,325,959,166,2022-01-01
15446,26,146,47,2022-01-01
15450,184,1549,34,2022-01-01
15451,91,249,38,2022-01-01
15456,281,917,185,2022-01-01
15458,260,710,122,2022-01-01
15459,207,483,97,2022-01-01
15461,469,1505,233,2022-01-01
15462,21,109,22,2022-01-01
15463,44,124,23,2022-01-01
15464,114,433,102,2022-01-01
15468,232,698,136,2022-01-01
15469,198,603,179,2022-01-01
15470,58,212,51,2022-01-01
15473,490,1341,236,2022-01-01
15474,183,619,71,2022-01-01
15475,107,430,55,2022-01-01
15477,74,266,60,2022-01-01
15478,706,2001,325,2022-01-01
15479,204,615,118,2022-01-01
15480,217,602,117,2022-01-01
15482,53,175,45,2022-01-01
15483,49,163,24,2022-01-01
15484,39,121,12,2022-01-01
15486,247,676,161,2022-01-01
15488,18,69,8,2022-01-01
15490,51,165,53,2022-01-01
15501,2104,6727,853,2022-01-01
15540,31,93,16,2022-01-01
15551,86,176,46,2022-01-01
15557,461,1090,192,2022-01-01
15601,6642,22630,3670,2022-01-01
15610,318,1038,241,2022-01-01
15611,33,149,27,2022-01-01
15612,34,113,29,2022-01-01
15613,1709,4537,563,2022-01-01
15615,46,97,16,2022-01-01
15616,6,55,11,2022-01-01
15617,25,93,20,2022-01-01
15618,265,750,137,2022-01-01
15620,99,270,68,2022-01-01
15622,88,368,74,2022-01-01
15623,82,301,43,2022-01-01
15626,482,1877,294,2022-01-01
15627,682,2121,456,2022-01-01
15628,62,172,32,2022-01-01
15631,80,288,102,2022-01-01
15632,883,3467,516,2022-01-01
15634,59,200,57,2022-01-01
15636,451,1410,251,2022-01-01
15637,186,576,132,2022-01-01
15639,224,576,160,2022-01-01
15641,64,176,14,2022-01-01
15642,5257,16607,2756,2022-01-01
15644,1801,6417,1188,2022-01-01
15646,14,73,10,2022-01-01
15647,27,114,19,2022-01-01
15650,2671,10433,1802,2022-01-01
15655,48,205,33,2022-01-01
15656,1324,3410,384,2022-01-01
15658,709,3161,435,2022-01-01
15661,54,203,36,2022-01-01
15663,43,129,32,2022-01-01
15665,153,489,99,2022-01-01
15666,1467,4949,1207,2022-01-01
15668,1250,5502,646,2022-01-01
15670,337,1064,184,2022-01-01
15671,82,210,74,2022-01-01
15672,310,1077,226,2022-01-01
15673,158,426,64,2022-01-01
15675,106,312,58,2022-01-01
15677,23,167,34,2022-01-01
15678,61,214,29,2022-01-01
15679,245,928,233,2022-01-01
15681,427,1561,248,2022-01-01
15683,744,2719,684,2022-01-01
18349,7,86,-1,2022-01-01
18351,60,158,-1,2022-01-01
18356,51,237,-1,2022-01-01
18357,7,52,0,2022-01-01
18410,11,40,-1,2022-01-01
18413,20,89,-1,2022-01-01
18416,0,7,0,2022-01-01
18420,17,66,-1,2022-01-01
18440,19,89,6,2022-01-01
18448,0,-1,0,2022-01-01
18449,0,-1,0,2022-01-01
18454,5,59,0,2022-01-01
18457,16,76,5,2022-01-01
18459,9,40,-1,2022-01-01
18473,27,147,-1,2022-01-01
18501,66,73,-1,2022-01-01
18502,-1,24,-1,2022-01-01
18515,0,9,0,2022-01-01
18540,-1,5,0,2022-01-01
18577,0,-1,0,2022-01-01
18601,12,36,0,2022-01-01
18602,33,179,-1,2022-01-01
18611,-1,15,0,2022-01-01
18625,22,130,8,2022-01-01
18626,97,211,10,2022-01-01
18627,6,65,-1,2022-01-01
18653,-1,15,0,2022-01-01
18654,0,-1,0,2022-01-01
18690,-1,-1,0,2022-01-01
18703,33,116,-1,2022-01-01
18710,-1,-1,0,2022-01-01
18711,117,220,28,2022-01-01
18762,0,0,0,2022-01-01
18764,-1,22,0,2022-01-01
18765,0,0,0,2022-01-01
18766,15,103,51,2022-01-01
18767,0,-1,0,2022-01-01
18769,0,-1,0,2022-01-01
18773,0,-1,0,2022-01-01
18813,5,17,0,2022-01-01
18814,6,47,-1,2022-01-01
18815,0,-1,0,2022-01-01
18816,8,32,0,2022-01-01
15684,62,184,29,2022-01-01
18820,-1,6,0,2022-01-01
18827,0,0,0,2022-01-01
18843,13,50,0,2022-01-01
18910,14,99,-1,2022-01-01
18911,52,127,-1,2022-01-01
18912,25,191,-1,2022-01-01
18916,16,39,0,2022-01-01
18918,5,10,0,2022-01-01
18921,10,65,-1,2022-01-01
18922,6,34,0,2022-01-01
18928,14,112,0,2022-01-01
18931,16,183,-1,2022-01-01
18935,30,90,-1,2022-01-01
18943,6,61,-1,2022-01-01
18946,9,70,-1,2022-01-01
18949,24,101,-1,2022-01-01
18950,30,187,-1,2022-01-01
18953,14,71,-1,2022-01-01
18956,6,51,0,2022-01-01
18957,8,53,-1,2022-01-01
18958,11,31,0,2022-01-01
18962,51,200,9,2022-01-01
18963,20,192,-1,2022-01-01
18968,15,48,-1,2022-01-01
18970,108,294,6,2022-01-01
18971,8,44,0,2022-01-01
18979,11,36,0,2022-01-01
18980,35,157,8,2022-01-01
18981,9,18,-1,2022-01-01
18991,-1,-1,0,2022-01-01
19016,11,60,-1,2022-01-01
19017,26,168,-1,2022-01-01
19019,0,72,0,2022-01-01
19028,7,65,-1,2022-01-01
19037,227,307,37,2022-01-01
19039,-1,58,-1,2022-01-01
19048,-1,9,0,2022-01-01
19049,-1,10,0,2022-01-01
19052,18,82,-1,2022-01-01
19058,12,51,-1,2022-01-01
19065,8,34,0,2022-01-01
19080,-1,22,0,2022-01-01
19088,0,9,-1,2022-01-01
19089,0,10,0,2022-01-01
19091,0,6,0,2022-01-01
19092,-1,11,0,2022-01-01
19093,0,11,0,2022-01-01
19098,0,-1,0,2022-01-01
19099,0,5,0,2022-01-01
19101,105,237,5,2022-01-01
19105,30,104,-1,2022-01-01
19108,8,32,-1,2022-01-01
19109,-1,38,0,2022-01-01
19110,5,42,0,2022-01-01
19155,-1,22,0,2022-01-01
19160,9,40,-1,2022-01-01
19161,0,7,-1,2022-01-01
19162,-1,-1,0,2022-01-01
19170,-1,7,0,2022-01-01
19171,0,9,0,2022-01-01
19172,-1,10,0,2022-01-01
19173,-1,-1,0,2022-01-01
19175,0,-1,0,2022-01-01
19176,8,40,0,2022-01-01
19177,0,-1,0,2022-01-01
19178,0,6,0,2022-01-01
19179,0,-1,0,2022-01-01
19181,0,5,0,2022-01-01
19182,-1,13,0,2022-01-01
19183,-1,5,0,2022-01-01
19184,-1,6,0,2022-01-01
19185,-1,-1,0,2022-01-01
19187,0,-1,0,2022-01-01
19188,0,5,0,2022-01-01
19190,0,9,0,2022-01-01
19191,-1,7,0,2022-01-01
19192,-1,9,0,2022-01-01
19193,-1,12,0,2022-01-01
19194,-1,23,0,2022-01-01
19195,-1,-1,0,2022-01-01
19196,0,6,0,2022-01-01
19197,0,-1,0,2022-01-01
19244,0,-1,0,2022-01-01
19255,0,-1,0,2022-01-01
19316,10,67,-1,2022-01-01
19318,0,19,-1,2022-01-01
19331,-1,36,-1,2022-01-01
19339,0,6,0,2022-01-01
19340,0,8,0,2022-01-01
19346,8,13,-1,2022-01-01
19347,9,34,-1,2022-01-01
19351,5,41,-1,2022-01-01
19353,-1,20,-1,2022-01-01
19354,-1,42,0,2022-01-01
19357,0,39,0,2022-01-01
19358,23,105,-1,2022-01-01
19360,5,50,-1,2022-01-01
19366,0,28,-1,2022-01-01
19367,14,72,-1,2022-01-01
19369,34,151,-1,2022-01-01
19371,0,-1,0,2022-01-01
19375,28,250,6,2022-01-01
19376,12,49,-1,2022-01-01
19381,-1,41,-1,2022-01-01
19395,-1,43,-1,2022-01-01
19397,0,-1,0,2022-01-01
19398,0,5,0,2022-01-01
19399,-1,40,-1,2022-01-01
19404,13,70,-1,2022-01-01
19407,5,41,0,2022-01-01
19408,-1,35,0,2022-01-01
19409,-1,10,0,2022-01-01
19415,0,0,0,2022-01-01
19421,12,137,-1,2022-01-01
19423,-1,56,0,2022-01-01
19424,-1,-1,-1,2022-01-01
19429,-1,5,-1,2022-01-01
19430,13,49,-1,2022-01-01
19432,5,38,0,2022-01-01
19437,76,461,17,2022-01-01
19441,0,7,0,2022-01-01
19442,34,307,-1,2022-01-01
19443,5,43,0,2022-01-01
19450,15,90,0,2022-01-01
19451,0,-1,0,2022-01-01
19455,0,-1,0,2022-01-01
19457,17,70,7,2022-01-01
19470,13,83,-1,2022-01-01
19472,17,62,-1,2022-01-01
19474,92,446,26,2022-01-01
19478,6,47,-1,2022-01-01
19480,-1,35,-1,2022-01-01
19481,15,180,-1,2022-01-01
19482,-1,44,-1,2022-01-01
19484,0,9,0,2022-01-01
19486,12,77,0,2022-01-01
19490,98,286,19,2022-01-01
19493,0,6,0,2022-01-01
19494,0,-1,0,2022-01-01
19495,0,0,0,2022-01-01
19496,0,-1,-1,2022-01-01
19511,18,57,0,2022-01-01
19516,13,15,0,2022-01-01
19519,-1,-1,0,2022-01-01
19523,22,76,12,2022-01-01
19535,16,32,5,2022-01-01
19536,49,143,-1,2022-01-01
19538,13,52,0,2022-01-01
19544,24,35,0,2022-01-01
19545,25,80,12,2022-01-01
19548,7,56,-1,2022-01-01
19554,60,168,9,2022-01-01
19559,50,94,9,2022-01-01
19564,16,49,-1,2022-01-01
19603,56,108,-1,2022-01-01
19612,45,96,10,2022-01-01
15685,12,58,13,2022-01-01
15686,83,238,41,2022-01-01
15687,96,394,96,2022-01-01
15688,71,227,49,2022-01-01
15690,1132,2848,263,2022-01-01
15692,100,318,35,2022-01-01
15697,307,1026,216,2022-01-01
15698,62,225,53,2022-01-01
15701,3109,11097,1399,2022-01-01
15713,26,65,16,2022-01-01
15717,1130,3384,390,2022-01-01
15725,122,404,46,2022-01-01
15732,176,505,71,2022-01-01
15747,198,575,74,2022-01-01
15748,736,2105,297,2022-01-01
15774,391,970,149,2022-01-01
15923,142,569,92,2022-01-01
16001,5095,14024,2113,2022-01-01
16002,1790,4716,827,2022-01-01
16023,930,1683,198,2022-01-01
16027,37,128,26,2022-01-01
16033,649,2171,317,2022-01-01
16034,268,511,58,2022-01-01
16037,513,1785,247,2022-01-01
16045,127,424,72,2022-01-01
16046,2009,8702,929,2022-01-01
16052,259,742,99,2022-01-01
16053,420,1282,221,2022-01-01
16055,1164,3287,380,2022-01-01
16056,667,1686,209,2022-01-01
16059,1005,3631,537,2022-01-01
16063,918,3340,313,2022-01-01
16066,3393,13431,1463,2022-01-01
16115,463,955,107,2022-01-01
16117,2322,5614,637,2022-01-01
16120,291,641,98,2022-01-01
16123,253,723,80,2022-01-01
16136,137,251,29,2022-01-01
16141,188,504,71,2022-01-01
16157,357,931,148,2022-01-01
16201,3073,6236,422,2022-01-01
16210,169,297,18,2022-01-01
16212,56,130,7,2022-01-01
16222,331,596,62,2022-01-01
16226,1283,2695,215,2022-01-01
16228,75,136,9,2022-01-01
16229,642,1849,193,2022-01-01
16238,62,140,11,2022-01-01
16249,275,634,51,2022-01-01
16256,83,185,18,2022-01-01
16259,299,580,51,2022-01-01
16262,505,939,82,2022-01-01
16263,60,90,8,2022-01-01
17016,83,361,25,2022-01-01
17010,35,78,-1,2022-01-01
17039,-1,22,-1,2022-01-01
17041,9,34,-1,2022-01-01
15006,32,112,13,2022-01-01
15038,40,134,21,2022-01-01
15047,50,134,13,2022-01-01
15075,26,69,-1,2022-01-01
15087,9,48,15,2022-01-01
15088,63,149,21,2022-01-01
15315,95,246,24,2022-01-01
15316,31,69,21,2022-01-01
15325,68,187,51,2022-01-01
15348,39,152,34,2022-01-01
15351,77,254,45,2022-01-01
15358,79,331,59,2022-01-01
15378,7,57,5,2022-01-01
15379,15,44,8,2022-01-01
15420,25,102,15,2022-01-01
15421,46,166,20,2022-01-01
15422,26,84,25,2022-01-01
15430,41,103,26,2022-01-01
15435,54,164,26,2022-01-01
15443,31,116,24,2022-01-01
15447,19,61,18,2022-01-01
15448,11,36,12,2022-01-01
15449,16,85,12,2022-01-01
15455,30,78,27,2022-01-01
15460,9,29,11,2022-01-01
15466,42,143,17,2022-01-01
15467,16,46,-1,2022-01-01
15472,26,77,11,2022-01-01
15476,31,70,9,2022-01-01
15489,30,100,21,2022-01-01
15502,16,104,7,2022-01-01
15510,682,1547,6,2022-01-01
15520,44,74,16,2022-01-01
15532,20,53,-1,2022-01-01
15544,24,78,15,2022-01-01
15547,74,184,35,2022-01-01
15560,25,75,15,2022-01-01
15561,20,58,12,2022-01-01
15625,17,44,8,2022-01-01
15629,81,194,23,2022-01-01
15633,20,75,25,2022-01-01
15635,15,70,8,2022-01-01
15638,18,87,27,2022-01-01
15640,23,68,19,2022-01-01
15660,34,79,15,2022-01-01
15662,17,69,13,2022-01-01
15676,49,170,39,2022-01-01
15689,8,29,9,2022-01-01
15691,28,53,12,2022-01-01
15695,22,95,17,2022-01-01
15696,32,117,21,2022-01-01
15712,8,35,-1,2022-01-01
15715,67,176,42,2022-01-01
15734,28,86,14,2022-01-01
15736,68,178,14,2022-01-01
15738,32,69,10,2022-01-01
15020,42,80,8,2022-01-01
15028,16,64,-1,2022-01-01
15069,-1,10,0,2022-01-01
15072,15,59,6,2022-01-01
15081,32,154,14,2022-01-01
15091,-1,22,-1,2022-01-01
15095,-1,8,0,2022-01-01
15096,-1,0,0,2022-01-01
15123,-1,22,0,2022-01-01
15127,14,63,-1,2022-01-01
15134,13,33,0,2022-01-01
15230,11,41,-1,2022-01-01
15240,16,10,-1,2022-01-01
15242,6,16,0,2022-01-01
15244,5,11,-1,2022-01-01
15250,-1,-1,0,2022-01-01
15251,-1,-1,0,2022-01-01
15252,0,-1,0,2022-01-01
15253,0,-1,0,2022-01-01
15254,-1,-1,0,2022-01-01
15255,0,0,0,2022-01-01
15257,0,-1,0,2022-01-01
15258,0,-1,0,2022-01-01
15259,0,-1,0,2022-01-01
15262,0,-1,0,2022-01-01
15264,0,-1,0,2022-01-01
15265,-1,-1,0,2022-01-01
15267,0,-1,0,2022-01-01
15268,0,-1,0,2022-01-01
15270,-1,0,0,2022-01-01
15272,0,-1,0,2022-01-01
15274,0,-1,0,2022-01-01
15276,0,8,0,2022-01-01
15277,0,-1,0,2022-01-01
15278,0,0,0,2022-01-01
15279,0,-1,0,2022-01-01
15281,0,-1,0,2022-01-01
15282,315,1149,54,2022-01-01
15283,0,-1,0,2022-01-01
15286,0,-1,0,2022-01-01
15289,74,4086,8,2022-01-01
15290,-1,-1,0,2022-01-01
15295,0,-1,0,2022-01-01
15336,12,15,-1,2022-01-01
15339,0,-1,0,2022-01-01
15350,69,259,37,2022-01-01
15365,16,40,6,2022-01-01
15366,22,66,9,2022-01-01
15368,44,226,43,2022-01-01
15415,12,24,-1,2022-01-01
15416,16,68,8,2022-01-01
15439,9,34,-1,2022-01-01
15454,28,73,9,2022-01-01
15465,31,104,15,2022-01-01
15485,0,-1,0,2022-01-01
15492,6,33,-1,2022-01-01
15548,6,13,-1,2022-01-01
15549,8,21,-1,2022-01-01
15553,10,39,9,2022-01-01
15565,6,8,0,2022-01-01
15605,0,5,0,2022-01-01
15606,0,6,0,2022-01-01
15619,33,125,26,2022-01-01
15621,-1,-1,-1,2022-01-01
15624,49,137,37,2022-01-01
15664,5,20,-1,2022-01-01
15674,16,68,8,2022-01-01
15680,26,63,18,2022-01-01
15682,-1,8,0,2022-01-01
15693,25,68,11,2022-01-01
15710,34,69,10,2022-01-01
15723,7,13,-1,2022-01-01
15727,22,65,10,2022-01-01
15731,43,100,13,2022-01-01
15733,5,46,-1,2022-01-01
15737,73,202,29,2022-01-01
15741,11,31,-1,2022-01-01
15745,54,120,21,2022-01-01
15746,89,83,25,2022-01-01
15752,5,29,-1,2022-01-01
15754,70,165,29,2022-01-01
15756,15,48,10,2022-01-01
15761,9,29,-1,2022-01-01
15779,222,319,21,2022-01-01
15781,6,47,-1,2022-01-01
15783,16,30,7,2022-01-01
15822,0,0,0,2022-01-01
15831,21,43,13,2022-01-01
15841,15,56,14,2022-01-01
15847,13,43,8,2022-01-01
15863,14,60,14,2022-01-01
15907,8,19,-1,2022-01-01
15915,0,-1,0,2022-01-01
15921,126,319,60,2022-01-01
15922,24,82,21,2022-01-01
15925,23,83,7,2022-01-01
15929,14,43,10,2022-01-01
15930,32,107,24,2022-01-01
15937,128,285,55,2022-01-01
15948,71,215,38,2022-01-01
15959,20,76,11,2022-01-01
15962,29,89,11,2022-01-01
16003,29,104,6,2022-01-01
16016,0,-1,0,2022-01-01
16017,-1,-1,0,2022-01-01
16018,-1,0,0,2022-01-01
16021,-1,7,0,2022-01-01
16024,39,93,22,2022-01-01
16029,105,212,44,2022-01-01
16035,17,22,-1,2022-01-01
16039,87,136,9,2022-01-01
16048,19,37,7,2022-01-01
16054,41,96,12,2022-01-01
16058,-1,6,-1,2022-01-01
16103,21,30,-1,2022-01-01
16107,8,27,6,2022-01-01
16108,-1,-1,0,2022-01-01
16113,59,122,9,2022-01-01
16132,32,112,27,2022-01-01
16140,7,27,8,2022-01-01
16151,13,27,5,2022-01-01
16155,0,20,0,2022-01-01
16160,91,267,44,2022-01-01
16161,93,230,28,2022-01-01
16211,13,23,-1,2022-01-01
16220,13,23,5,2022-01-01
16221,11,14,0,2022-01-01
16223,17,50,5,2022-01-01
16230,74,145,17,2022-01-01
16236,53,108,5,2022-01-01
16244,36,75,7,2022-01-01
16245,30,51,-1,2022-01-01
16246,36,74,12,2022-01-01
16250,39,80,-1,2022-01-01
16257,0,-1,0,2022-01-01
16261,-1,-1,0,2022-01-01
16312,-1,-1,0,2022-01-01
16322,13,38,-1,2022-01-01
16328,23,51,-1,2022-01-01
16343,50,115,9,2022-01-01
16344,55,155,19,2022-01-01
16352,32,81,7,2022-01-01
16361,18,29,-1,2022-01-01
16366,0,0,0,2022-01-01
16367,0,-1,0,2022-01-01
16368,0,-1,0,2022-01-01
16369,0,0,0,2022-01-01
16370,18,65,0,2022-01-01
16375,6,15,0,2022-01-01
16388,0,-1,0,2022-01-01
16413,0,9,0,2022-01-01
16416,18,32,-1,2022-01-01
16422,55,111,18,2022-01-01
16427,35,83,5,2022-01-01
16432,-1,6,0,2022-01-01
16475,802,1435,-1,2022-01-01
16512,15,37,0,2022-01-01
16514,8,33,0,2022-01-01
16515,0,-1,0,2022-01-01
16522,0,0,0,2022-01-01
16530,0,-1,0,2022-01-01
16531,-1,-1,0,2022-01-01
16534,-1,-1,0,2022-01-01
16538,0,-1,0,2022-01-01
16541,67,89,0,2022-01-01
16544,5,25,-1,2022-01-01
16546,60,188,13,2022-01-01
16550,-1,-1,-1,2022-01-01
16553,0,-1,0,2022-01-01
16563,37,392,-1,2022-01-01
16603,18,54,7,2022-01-01
16619,37,122,14,2022-01-01
16624,33,57,18,2022-01-01
16629,7,24,-1,2022-01-01
16631,9,18,7,2022-01-01
16633,33,48,5,2022-01-01
16638,14,29,0,2022-01-01
16644,44,78,23,2022-01-01
16654,399,2268,0,2022-01-01
16660,14,23,-1,2022-01-01
16663,24,46,-1,2022-01-01
16665,55,119,20,2022-01-01
16672,20,58,-1,2022-01-01
16675,-1,26,8,2022-01-01
16677,56,188,-1,2022-01-01
16681,26,70,9,2022-01-01
16684,22,73,6,2022-01-01
16694,38,81,16,2022-01-01
16698,286,1431,0,2022-01-01
16699,0,-1,-1,2022-01-01
16725,32,71,5,2022-01-01
16728,-1,0,0,2022-01-01
16730,23,49,-1,2022-01-01
16733,15,44,5,2022-01-01
16804,16,93,0,2022-01-01
16805,-1,18,0,2022-01-01
16825,42,96,18,2022-01-01
16826,184,349,13,2022-01-01
16834,45,109,10,2022-01-01
16835,40,124,8,2022-01-01
16843,122,228,27,2022-01-01
16847,76,141,18,2022-01-01
16848,66,122,6,2022-01-01
16849,68,130,15,2022-01-01
16851,110,616,20,2022-01-01
16853,222,499,12,2022-01-01
16855,32,93,18,2022-01-01
16856,39,77,9,2022-01-01
16868,58,413,7,2022-01-01
16873,11,17,-1,2022-01-01
16910,11,18,-1,2022-01-01
16911,11,28,-1,2022-01-01
16945,0,6,0,2022-01-01
17001,143,1523,13,2022-01-01
