date,33401,33405,33406,33407,33409,33411,33412,33417,33418,33480
2021-02-28,3327,2023,3530,3313,2778,5335,904,2491,2460,567
